{
 "cells": [
  {
   "cell_type": "code",
   "execution_count": 1,
   "metadata": {},
   "outputs": [
    {
     "name": "stderr",
     "output_type": "stream",
     "text": [
      "/glade/work/wchapman/miniconda3/envs/tfp/lib/python3.6/site-packages/dask/config.py:168: YAMLLoadWarning: calling yaml.load() without Loader=... is deprecated, as the default Loader is unsafe. Please read https://msg.pyyaml.org/load for full details.\n",
      "  data = yaml.load(f.read()) or {}\n"
     ]
    }
   ],
   "source": [
    "from __future__ import absolute_import\n",
    "from __future__ import division\n",
    "from __future__ import print_function\n",
    "\n",
    "from pprint import pprint\n",
    "import matplotlib.pyplot as plt\n",
    "import numpy as np\n",
    "import numpy.matlib\n",
    "from datetime import datetime, timedelta\n",
    "import cmocean\n",
    "\n",
    "import tensorflow.compat.v2 as tf\n",
    "tf.enable_v2_behavior()\n",
    "import tensorflow_probability as tfp\n",
    "from tensorflow.python.keras.optimizer_v2.adam import Adam\n",
    "tfd = tfp.distributions\n",
    "import tensorflow.keras.backend as K\n",
    "from tensorflow import math as tfm\n",
    "\n",
    "import os\n",
    "\n",
    "import utilsProb\n",
    "import utilsProbSS\n",
    "import glob\n",
    "import sys\n",
    "from scipy.stats import rankdata\n",
    "import pandas as pd\n",
    "import importlib\n",
    "import copy\n",
    "from netCDF4 import Dataset, num2date\n",
    "from scipy.interpolate import interpn\n",
    "from matplotlib.colors import Normalize \n",
    "from matplotlib import cm\n",
    "import matplotlib as mpl\n",
    "import seaborn as sns\n",
    "sns.set_style('whitegrid', {'font.family':'serif', 'font.serif':'Times New Roman'})\n",
    "sns.set_context(\"paper\")\n",
    "import properscoring as ps\n",
    "from math import erf\n",
    "import xarray as xr\n",
    "\n",
    "import matplotlib\n",
    "#mapping\n",
    "from cartopy import config\n",
    "import cartopy.crs as ccrs\n",
    "import cartopy.feature as cf\n",
    "from cartopy.mpl.gridliner import LONGITUDE_FORMATTER, LATITUDE_FORMATTER\n",
    "import cartopy\n",
    "\n",
    "import cartopy.crs as ccrs\n",
    "import cartopy.feature as cfeature\n",
    "import matplotlib.pyplot as plt\n",
    "import matplotlib.ticker as mticker\n",
    "from cartopy.mpl.gridliner import LONGITUDE_FORMATTER, LATITUDE_FORMATTER\n",
    "from cartopy.mpl.ticker import LongitudeFormatter, LatitudeFormatter\n",
    "\n",
    "import Unet_b\n",
    "import utils_CNN\n",
    "from tensorflow.python.client import device_lib\n",
    "import xarray as xr\n",
    "\n",
    "import coms\n",
    "import utilsAnEn\n",
    "import utils_verif\n",
    "import comsnn\n",
    "from sklearn.metrics import brier_score_loss\n",
    "from tqdm import tqdm\n",
    "\n",
    "import sklearn\n",
    "\n",
    "from statsmodels.tsa.stattools import acf, pacf, acovf\n",
    "import warnings\n",
    "from scipy import stats"
   ]
  },
  {
   "cell_type": "code",
   "execution_count": 2,
   "metadata": {},
   "outputs": [],
   "source": [
    "def ecdf(x):\n",
    "    xs = np.sort(x)\n",
    "    ys = np.arange(1, len(xs)+1)/float(len(xs))\n",
    "    return xs, ys\n",
    "\n",
    "def f_emp(ens,x):\n",
    "    xs,ys = ecdf(ens)\n",
    "    vals=[]\n",
    "    vals = np.zeros([len(x)])\n",
    "    for bb,xT in enumerate(x):\n",
    "        if all(xs>xT):\n",
    "            vals[bb] = 0\n",
    "        elif (np.sum(1*(xs>xT))>0) & (np.sum(1*(xs>xT))<len(xs)):\n",
    "            inds = np.searchsorted(xs>xT, 0.5)\n",
    "            vals[bb] =ys[inds-1]\n",
    "        else:\n",
    "            vals[bb] = 1\n",
    "    return np.array(vals)\n",
    "\n",
    "def f_emp2(ens,x):\n",
    "    xs,ys = ecdf(ens)\n",
    "    dogs = np.searchsorted(xs,x,side='right')\n",
    "    vals =ys[dogs-1]\n",
    "    vals[dogs==0]=0\n",
    "    return np.array(vals)\n",
    "\n",
    "### computation of threshold-weighted CRPS via numerical approximation suggested by Gneiting & Ranjan (2011)\n",
    "def twcrps_sample(y,ens,weight,thr,step_width=0.001):\n",
    "    #y = real-valued observation (numpy array)\n",
    "    #ens = vector of ensemble forecasts (numpy array)\n",
    "    #thr = threshold parameter for weight function\n",
    "    # weight = charactor vector identifying the employed weight function:\n",
    "    #     \"indicator.right\": Indicator weight function for right tail\n",
    "    #     \"indicator.left\": Indicator weight function for left tail\n",
    "    #     \"normalCDF.right\": Gaussian weight function for right tail, mean = thr, and sd = 1\n",
    "    #     \"normalCDF.left\": Gaussian weight function for right tail, mean = thr, and sd = 1\n",
    "    # lower, upper: bounds for interval of evaluation points\n",
    "    # step.width: increment of the sequence of evaluation points\n",
    "\n",
    "    lower = np.min(np.append(ens,y))\n",
    "    upper = np.max(np.append(ens,y))\n",
    "    eval_z = np.arange(lower,upper,step_width)\n",
    "    if weight not in ['indicator.right','indicator.left','normalCDF.right','normalCDF.left']:\n",
    "        raise ValueError(\"weight function not specified correctly\")\n",
    "        \n",
    "    if weight =='indicator.right':\n",
    "        def w(z):return z>=thr\n",
    "    elif weight =='indicator.left':\n",
    "        def w(z):return z<=thr\n",
    "    elif weight == 'normalCDF.right':\n",
    "        def w(z):return stats.norm.cdf(z, loc=thr, scale=1)\n",
    "    elif weight == 'normalCDF.left':\n",
    "        def w(z):return 1-stats.norm.cdf(z, loc=thr, scale=1)\n",
    "#     print((f_emp(ens,eval_z).shape))\n",
    "    out = np.sum(w(eval_z)*((f_emp(ens,eval_z)-(y<=eval_z)))**2)*(upper-lower)/len(eval_z)\n",
    "    return out\n",
    "\n",
    "### computation of threshold-weighted CRPS via numerical approximation suggested by Gneiting & Ranjan (2011)\n",
    "def twcrps_sample2(y,ens,weight,thr,step_width=0.001):\n",
    "    #y = real-valued observation (numpy array)\n",
    "    #ens = vector of ensemble forecasts (numpy array)\n",
    "    #thr = threshold parameter for weight function\n",
    "    # weight = charactor vector identifying the employed weight function:\n",
    "    #     \"indicator.right\": Indicator weight function for right tail\n",
    "    #     \"indicator.left\": Indicator weight function for left tail\n",
    "    #     \"normalCDF.right\": Gaussian weight function for right tail, mean = thr, and sd = 1\n",
    "    #     \"normalCDF.left\": Gaussian weight function for right tail, mean = thr, and sd = 1\n",
    "    # lower, upper: bounds for interval of evaluation points\n",
    "    # step.width: increment of the sequence of evaluation points\n",
    "\n",
    "    lower = np.min(np.append(ens,y))\n",
    "    upper = np.max(np.append(ens,y))\n",
    "    eval_z = np.arange(lower,upper,step_width)\n",
    "    if weight not in ['indicator.right','indicator.left','normalCDF.right','normalCDF.left']:\n",
    "        raise ValueError(\"weight function not specified correctly\")\n",
    "        \n",
    "    if weight =='indicator.right':\n",
    "        def w(z):return z>=thr\n",
    "    elif weight =='indicator.left':\n",
    "        def w(z):return z<=thr\n",
    "    elif weight == 'normalCDF.right':\n",
    "        def w(z):return stats.norm.cdf(z, loc=thr, scale=1)\n",
    "    elif weight == 'normalCDF.left':\n",
    "        def w(z):return 1-stats.norm.cdf(z, loc=thr, scale=1)\n",
    "    \n",
    "#     print(eval_z.shape)\n",
    "#     print((f_emp2(ens,eval_z).shape))\n",
    "    \n",
    "    out = np.sum(w(eval_z)*((f_emp2(ens,eval_z)-(y<=eval_z)))**2)*(upper-lower)/len(eval_z)\n",
    "    return out\n",
    "\n",
    "\n",
    "def DMtest(e1,e2,h=1,power=2,alternative='two.sided'):\n",
    "    d = np.abs(e1)**power - np.abs(e2)**power\n",
    "    dcov = acovf(d,nlag=h-1,fft=False,missing='drop')\n",
    "    dvar = np.sum(np.append(dcov[0],2*dcov[1:]))/len(d)\n",
    "    dv = dvar\n",
    "    if dv>0:\n",
    "        STATISTIC =np.nanmean(d)/np.sqrt(dv)\n",
    "    elif (h==1):\n",
    "        raise ValueError(\"Variance of DM statistic is zero\")\n",
    "    else: \n",
    "        warnings.warn('Variance is negative, using horizon h=1') \n",
    "        DMtest(e1,e2,h=1,power=power)   \n",
    "    n = len(d)\n",
    "    k = ((n + 1 - 2 * h + (h / n) * (h - 1)) / n) **(0.5)\n",
    "    STATISTIC = STATISTIC *k \n",
    "    \n",
    "    if alternative == 'two.sided':\n",
    "        PVAL = 2*stats.t.cdf(-np.abs(STATISTIC),df=n-1)\n",
    "    elif alternative == 'less':\n",
    "        PVAL = stats.t.cdf(STATISTIC,df=n-1)\n",
    "    elif alternative == 'greater':\n",
    "        PVAL = 1-stats.t.cdf(STATISTIC,df=n-1)\n",
    "        \n",
    "    PARAMETER = [h,power]\n",
    "    return_DICT = {\"DM\":STATISTIC,'forecast_horizon':h,'power':power,'p_val':PVAL,'Method':'Diebold-Mariano Test'\n",
    "                  }\n",
    "    return return_DICT\n",
    "\n",
    "\n",
    "def bh_correction(pval,level=0.05):\n",
    "    nn = len(pval)\n",
    "    pv_srt = sorted(pval)\n",
    "    limits = np.arange(1,nn+1)*level/nn\n",
    "    \n",
    "    if len(np.where(pv_srt<limits))==0:\n",
    "        discoveries = 0\n",
    "        return discoveries\n",
    "    else:\n",
    "        discoveries = np.max(np.where(pv_srt<limits))\n",
    "        return discoveries/nn "
   ]
  },
  {
   "cell_type": "code",
   "execution_count": null,
   "metadata": {},
   "outputs": [],
   "source": []
  },
  {
   "cell_type": "markdown",
   "metadata": {},
   "source": [
    "## Gather the Data"
   ]
  },
  {
   "cell_type": "code",
   "execution_count": 18,
   "metadata": {},
   "outputs": [
    {
     "name": "stdout",
     "output_type": "stream",
     "text": [
      "doing: F006\n",
      "No Post-Processing\n",
      "2016\n",
      "2017\n",
      "2018\n",
      "this is the threshold: 500 for a percentile: 500\n",
      "No Post-Processing\n",
      "2016\n",
      "2017\n",
      "2018\n",
      "___ ...done... Starting DM ___\n",
      "[[  0.      8.042  10.754   5.949   2.889  11.609]\n",
      " [ -8.042   0.      9.293   2.646  -1.24    1.823]\n",
      " [-10.754  -9.293   0.     -6.808 -11.984  -7.897]\n",
      " [ -5.949  -2.646   6.808   0.     -6.298  -1.822]\n",
      " [ -2.889   1.24   11.984   6.298   0.      1.786]\n",
      " [-11.609  -1.823   7.897   1.822  -1.786   0.   ]]\n",
      "[[0.    0.    0.    0.    0.004 0.   ]\n",
      " [0.    0.    0.    0.008 0.215 0.068]\n",
      " [0.    0.    0.    0.    0.    0.   ]\n",
      " [0.    0.008 0.    0.    0.    0.069]\n",
      " [0.004 0.215 0.    0.    0.    0.074]\n",
      " [0.    0.068 0.    0.069 0.074 0.   ]]\n",
      "doing: F012\n",
      "No Post-Processing\n",
      "2016\n",
      "2017\n",
      "2018\n",
      "this is the threshold: 500 for a percentile: 500\n",
      "No Post-Processing\n",
      "2016\n",
      "2017\n",
      "2018\n",
      "___ ...done... Starting DM ___\n",
      "[[  0.     10.468   3.379  -2.25   -2.234   7.936]\n",
      " [-10.468   0.     -2.021  -6.799  -7.41   -6.505]\n",
      " [ -3.379   2.021   0.     -7.072  -6.88   -0.833]\n",
      " [  2.25    6.799   7.072   0.      0.289   4.68 ]\n",
      " [  2.234   7.41    6.88   -0.289   0.      4.933]\n",
      " [ -7.936   6.505   0.833  -4.68   -4.933   0.   ]]\n",
      "[[0.    0.    0.001 0.024 0.026 0.   ]\n",
      " [0.    0.    0.043 0.    0.    0.   ]\n",
      " [0.001 0.043 0.    0.    0.    0.405]\n",
      " [0.024 0.    0.    0.    0.773 0.   ]\n",
      " [0.026 0.    0.    0.773 0.    0.   ]\n",
      " [0.    0.    0.405 0.    0.    0.   ]]\n",
      "doing: F018\n",
      "No Post-Processing\n",
      "2016\n",
      "2017\n",
      "2018\n",
      "this is the threshold: 500 for a percentile: 500\n",
      "No Post-Processing\n",
      "2016\n",
      "2017\n",
      "2018\n",
      "___ ...done... Starting DM ___\n",
      "[[ 0.     4.252  2.165 -1.203 -2.893  2.485]\n",
      " [-4.252  0.     0.649 -3.163 -5.244 -3.127]\n",
      " [-2.165 -0.649  0.    -5.172 -7.662 -1.648]\n",
      " [ 1.203  3.163  5.172  0.    -3.478  2.054]\n",
      " [ 2.893  5.244  7.662  3.478  0.     3.953]\n",
      " [-2.485  3.127  1.648 -2.054 -3.953  0.   ]]\n",
      "[[0.    0.    0.03  0.229 0.004 0.013]\n",
      " [0.    0.    0.517 0.002 0.    0.002]\n",
      " [0.03  0.517 0.    0.    0.    0.099]\n",
      " [0.229 0.002 0.    0.    0.001 0.04 ]\n",
      " [0.004 0.    0.    0.001 0.    0.   ]\n",
      " [0.013 0.002 0.099 0.04  0.    0.   ]]\n",
      "doing: F024\n",
      "No Post-Processing\n",
      "2016\n",
      "2017\n",
      "2018\n",
      "this is the threshold: 500 for a percentile: 500\n",
      "No Post-Processing\n",
      "2016\n",
      "2017\n",
      "2018\n",
      "___ ...done... Starting DM ___\n",
      "[[ 0.     7.278  3.9   -1.015 -2.182  5.556]\n",
      " [-7.278  0.     1.393 -3.989 -5.431 -3.393]\n",
      " [-3.9   -1.393  0.    -6.477 -8.476 -2.452]\n",
      " [ 1.015  3.989  6.477  0.    -2.413  2.74 ]\n",
      " [ 2.182  5.431  8.476  2.413  0.     4.06 ]\n",
      " [-5.556  3.393  2.452 -2.74  -4.06   0.   ]]\n",
      "[[0.    0.    0.    0.31  0.029 0.   ]\n",
      " [0.    0.    0.163 0.    0.    0.001]\n",
      " [0.    0.163 0.    0.    0.    0.014]\n",
      " [0.31  0.    0.    0.    0.016 0.006]\n",
      " [0.029 0.    0.    0.016 0.    0.   ]\n",
      " [0.    0.001 0.014 0.006 0.    0.   ]]\n",
      "doing: F030\n",
      "No Post-Processing\n",
      "2016\n",
      "2017\n",
      "2018\n",
      "this is the threshold: 500 for a percentile: 500\n",
      "No Post-Processing\n",
      "2016\n",
      "2017\n",
      "2018\n",
      "___ ...done... Starting DM ___\n",
      "[[  0.      4.512   3.491  -4.278  -4.169   5.258]\n",
      " [ -4.512   0.      1.478  -6.484  -6.605  -1.099]\n",
      " [ -3.491  -1.478   0.     -9.749 -10.054  -1.907]\n",
      " [  4.278   6.484   9.749   0.      0.351   5.833]\n",
      " [  4.169   6.605  10.054  -0.351   0.      5.846]\n",
      " [ -5.258   1.099   1.907  -5.833  -5.846   0.   ]]\n",
      "[[0.    0.    0.    0.    0.    0.   ]\n",
      " [0.    0.    0.139 0.    0.    0.272]\n",
      " [0.    0.139 0.    0.    0.    0.056]\n",
      " [0.    0.    0.    0.    0.726 0.   ]\n",
      " [0.    0.    0.    0.726 0.    0.   ]\n",
      " [0.    0.272 0.056 0.    0.    0.   ]]\n",
      "doing: F036\n",
      "No Post-Processing\n",
      "2016\n",
      "2017\n",
      "2018\n",
      "this is the threshold: 500 for a percentile: 500\n",
      "No Post-Processing\n",
      "2016\n",
      "2017\n",
      "2018\n",
      "___ ...done... Starting DM ___\n",
      "[[ 0.     5.53   2.903 -2.085 -2.306  2.743]\n",
      " [-5.53   0.     0.429 -4.502 -5.115 -4.427]\n",
      " [-2.903 -0.429  0.    -6.995 -7.059 -2.244]\n",
      " [ 2.085  4.502  6.995  0.    -0.264  2.937]\n",
      " [ 2.306  5.115  7.059  0.264  0.     3.226]\n",
      " [-2.743  4.427  2.244 -2.937 -3.226  0.   ]]\n",
      "[[0.    0.    0.004 0.037 0.021 0.006]\n",
      " [0.    0.    0.668 0.    0.    0.   ]\n",
      " [0.004 0.668 0.    0.    0.    0.025]\n",
      " [0.037 0.    0.    0.    0.792 0.003]\n",
      " [0.021 0.    0.    0.792 0.    0.001]\n",
      " [0.006 0.    0.025 0.003 0.001 0.   ]]\n",
      "doing: F042\n",
      "No Post-Processing\n",
      "2016\n",
      "2017\n",
      "2018\n",
      "this is the threshold: 500 for a percentile: 500\n",
      "No Post-Processing\n",
      "2016\n",
      "2017\n",
      "2018\n",
      "___ ...done... Starting DM ___\n",
      "[[ 0.     5.918  4.968  1.1   -0.371  3.813]\n",
      " [-5.918  0.     2.768 -1.572 -2.883 -3.795]\n",
      " [-4.968 -2.768  0.    -5.598 -7.317 -4.106]\n",
      " [-1.1    1.572  5.598  0.    -2.526 -0.018]\n",
      " [ 0.371  2.883  7.317  2.526  0.     1.355]\n",
      " [-3.813  3.795  4.106  0.018 -1.355  0.   ]]\n",
      "[[0.    0.    0.    0.271 0.711 0.   ]\n",
      " [0.    0.    0.006 0.116 0.004 0.   ]\n",
      " [0.    0.006 0.    0.    0.    0.   ]\n",
      " [0.271 0.116 0.    0.    0.012 0.986]\n",
      " [0.711 0.004 0.    0.012 0.    0.175]\n",
      " [0.    0.    0.    0.986 0.175 0.   ]]\n",
      "doing: F048\n",
      "No Post-Processing\n",
      "2016\n",
      "2017\n",
      "2018\n",
      "this is the threshold: 500 for a percentile: 500\n",
      "No Post-Processing\n",
      "2016\n",
      "2017\n",
      "2018\n",
      "___ ...done... Starting DM ___\n",
      "[[ 0.     3.478  0.302 -2.969 -4.787  1.918]\n",
      " [-3.478  0.    -0.982 -4.28  -6.218 -2.04 ]\n",
      " [-0.302  0.982  0.    -5.153 -7.832  0.238]\n",
      " [ 2.969  4.28   5.153  0.    -3.696  3.555]\n",
      " [ 4.787  6.218  7.832  3.696  0.     5.423]\n",
      " [-1.918  2.04  -0.238 -3.555 -5.423  0.   ]]\n",
      "[[0.    0.001 0.763 0.003 0.    0.055]\n",
      " [0.001 0.    0.326 0.    0.    0.041]\n",
      " [0.763 0.326 0.    0.    0.    0.812]\n",
      " [0.003 0.    0.    0.    0.    0.   ]\n",
      " [0.    0.    0.    0.    0.    0.   ]\n",
      " [0.055 0.041 0.812 0.    0.    0.   ]]\n",
      "doing: F054\n",
      "No Post-Processing\n",
      "2016\n",
      "2017\n",
      "2018\n",
      "this is the threshold: 500 for a percentile: 500\n",
      "No Post-Processing\n",
      "2016\n",
      "2017\n",
      "2018\n",
      "___ ...done... Starting DM ___\n",
      "[[ 0.     2.526 -3.315 -5.267 -5.371  2.018]\n",
      " [-2.526  0.    -4.21  -6.156 -6.443 -1.17 ]\n",
      " [ 3.315  4.21   0.    -3.505 -3.641  4.077]\n",
      " [ 5.267  6.156  3.505  0.    -0.602  6.046]\n",
      " [ 5.371  6.443  3.641  0.602  0.     6.177]\n",
      " [-2.018  1.17  -4.077 -6.046 -6.177  0.   ]]\n",
      "[[0.    0.012 0.001 0.    0.    0.044]\n",
      " [0.012 0.    0.    0.    0.    0.242]\n",
      " [0.001 0.    0.    0.    0.    0.   ]\n",
      " [0.    0.    0.    0.    0.547 0.   ]\n",
      " [0.    0.    0.    0.547 0.    0.   ]\n",
      " [0.044 0.242 0.    0.    0.    0.   ]]\n",
      "doing: F060\n",
      "No Post-Processing\n",
      "2016\n",
      "2017\n",
      "2018\n",
      "this is the threshold: 500 for a percentile: 500\n",
      "No Post-Processing\n",
      "2016\n",
      "2017\n",
      "2018\n",
      "___ ...done... Starting DM ___\n",
      "[[  0.      2.014  -8.826 -10.183 -10.448  -0.304]\n",
      " [ -2.014   0.     -9.461 -10.97  -11.215  -2.249]\n",
      " [  8.826   9.461   0.     -2.177  -2.891   8.822]\n",
      " [ 10.183  10.97    2.177   0.     -1.146  10.241]\n",
      " [ 10.448  11.215   2.891   1.146   0.     10.535]\n",
      " [  0.304   2.249  -8.822 -10.241 -10.535   0.   ]]\n",
      "[[0.    0.044 0.    0.    0.    0.761]\n",
      " [0.044 0.    0.    0.    0.    0.024]\n",
      " [0.    0.    0.    0.03  0.004 0.   ]\n",
      " [0.    0.    0.03  0.    0.252 0.   ]\n",
      " [0.    0.    0.004 0.252 0.    0.   ]\n",
      " [0.761 0.024 0.    0.    0.    0.   ]]\n",
      "doing: F066\n",
      "No Post-Processing\n",
      "2016\n",
      "2017\n",
      "2018\n",
      "this is the threshold: 500 for a percentile: 500\n",
      "No Post-Processing\n",
      "2016\n",
      "2017\n",
      "2018\n",
      "___ ...done... Starting DM ___\n",
      "[[ 0.     2.315  0.342 -3.371 -3.514 -1.036]\n",
      " [-2.315  0.    -0.772 -4.473 -4.634 -3.036]\n",
      " [-0.342  0.772  0.    -5.698 -5.589 -0.635]\n",
      " [ 3.371  4.473  5.698  0.    -0.533  3.049]\n",
      " [ 3.514  4.634  5.589  0.533  0.     3.217]\n",
      " [ 1.036  3.036  0.635 -3.049 -3.217  0.   ]]\n",
      "[[0.    0.021 0.733 0.001 0.    0.3  ]\n",
      " [0.021 0.    0.44  0.    0.    0.002]\n",
      " [0.733 0.44  0.    0.    0.    0.525]\n",
      " [0.001 0.    0.    0.    0.594 0.002]\n",
      " [0.    0.    0.    0.594 0.    0.001]\n",
      " [0.3   0.002 0.525 0.002 0.001 0.   ]]\n",
      "doing: F072\n",
      "No Post-Processing\n",
      "2016\n",
      "2017\n",
      "2018\n",
      "this is the threshold: 500 for a percentile: 500\n",
      "No Post-Processing\n",
      "2016\n",
      "2017\n",
      "2018\n",
      "___ ...done... Starting DM ___\n",
      "[[ 0.     3.478 -5.51  -6.36  -5.761  0.764]\n",
      " [-3.478  0.    -6.305 -7.173 -6.705 -3.025]\n",
      " [ 5.51   6.305  0.    -2.035 -0.702  5.616]\n",
      " [ 6.36   7.173  2.035  0.     1.617  6.474]\n",
      " [ 5.761  6.705  0.702 -1.617  0.     5.898]\n",
      " [-0.764  3.025 -5.616 -6.474 -5.898  0.   ]]\n",
      "[[0.    0.001 0.    0.    0.    0.445]\n",
      " [0.001 0.    0.    0.    0.    0.002]\n",
      " [0.    0.    0.    0.042 0.483 0.   ]\n",
      " [0.    0.    0.042 0.    0.106 0.   ]\n",
      " [0.    0.    0.483 0.106 0.    0.   ]\n",
      " [0.445 0.002 0.    0.    0.    0.   ]]\n",
      "doing: F078\n",
      "No Post-Processing\n",
      "2016\n",
      "2017\n",
      "2018\n",
      "this is the threshold: 500 for a percentile: 500\n",
      "No Post-Processing\n",
      "2016\n",
      "2017\n",
      "2018\n",
      "___ ...done... Starting DM ___\n",
      "[[ 0.     4.371 -0.584 -0.728  0.269  1.828]\n",
      " [-4.371  0.    -2.513 -2.791 -1.647 -3.071]\n",
      " [ 0.584  2.513  0.    -0.203  1.147  1.278]\n",
      " [ 0.728  2.791  0.203  0.     1.845  1.402]\n",
      " [-0.269  1.647 -1.147 -1.845  0.     0.346]\n",
      " [-1.828  3.071 -1.278 -1.402 -0.346  0.   ]]\n",
      "[[0.    0.    0.559 0.466 0.788 0.067]\n",
      " [0.    0.    0.012 0.005 0.099 0.002]\n",
      " [0.559 0.012 0.    0.839 0.251 0.201]\n",
      " [0.466 0.005 0.839 0.    0.065 0.161]\n",
      " [0.788 0.099 0.251 0.065 0.    0.73 ]\n",
      " [0.067 0.002 0.201 0.161 0.73  0.   ]]\n",
      "doing: F084\n",
      "No Post-Processing\n",
      "2016\n",
      "2017\n",
      "2018\n",
      "this is the threshold: 500 for a percentile: 500\n",
      "No Post-Processing\n",
      "2016\n",
      "2017\n",
      "2018\n",
      "___ ...done... Starting DM ___\n",
      "[[ 0.     5.717 -5.639 -6.996 -5.659  0.489]\n",
      " [-5.717  0.    -7.638 -9.087 -7.921 -5.52 ]\n",
      " [ 5.639  7.638  0.    -1.902 -0.122  5.68 ]\n",
      " [ 6.996  9.087  1.902  0.     2.209  7.126]\n",
      " [ 5.659  7.921  0.122 -2.209  0.     5.772]\n",
      " [-0.489  5.52  -5.68  -7.126 -5.772  0.   ]]\n",
      "[[0.    0.    0.    0.    0.    0.625]\n",
      " [0.    0.    0.    0.    0.    0.   ]\n",
      " [0.    0.    0.    0.057 0.903 0.   ]\n",
      " [0.    0.    0.057 0.    0.027 0.   ]\n",
      " [0.    0.    0.903 0.027 0.    0.   ]\n",
      " [0.625 0.    0.    0.    0.    0.   ]]\n",
      "doing: F090\n",
      "No Post-Processing\n",
      "2016\n",
      "2017\n",
      "2018\n",
      "this is the threshold: 500 for a percentile: 500\n",
      "No Post-Processing\n",
      "2016\n",
      "2017\n",
      "2018\n",
      "___ ...done... Starting DM ___\n",
      "[[ 0.     3.678  2.135 -2.294  0.462  0.391]\n",
      " [-3.678  0.    -0.187 -4.113 -1.623 -3.678]\n",
      " [-2.135  0.187  0.    -6.402 -2.336 -1.976]\n",
      " [ 2.294  4.113  6.402  0.     5.486  2.399]\n",
      " [-0.462  1.623  2.336 -5.486  0.    -0.341]\n",
      " [-0.391  3.678  1.976 -2.399  0.341  0.   ]]\n",
      "[[0.    0.    0.033 0.022 0.644 0.696]\n",
      " [0.    0.    0.852 0.    0.105 0.   ]\n",
      " [0.033 0.852 0.    0.    0.019 0.048]\n",
      " [0.022 0.    0.    0.    0.    0.016]\n",
      " [0.644 0.105 0.019 0.    0.    0.733]\n",
      " [0.696 0.    0.048 0.016 0.733 0.   ]]\n",
      "doing: F096\n",
      "No Post-Processing\n",
      "2016\n",
      "2017\n",
      "2018\n",
      "this is the threshold: 500 for a percentile: 500\n",
      "No Post-Processing\n",
      "2016\n",
      "2017\n",
      "2018\n",
      "___ ...done... Starting DM ___\n",
      "[[ 0.     3.129  0.204 -0.516  2.309  4.766]\n",
      " [-3.129  0.    -1.362 -1.968  0.727  0.097]\n",
      " [-0.204  1.362  0.    -1.17   3.     1.458]\n",
      " [ 0.516  1.968  1.17   0.     5.028  2.06 ]\n",
      " [-2.309 -0.727 -3.    -5.028  0.    -0.702]\n",
      " [-4.766 -0.097 -1.458 -2.06   0.702  0.   ]]\n",
      "[[0.    0.002 0.839 0.606 0.021 0.   ]\n",
      " [0.002 0.    0.173 0.049 0.467 0.922]\n",
      " [0.839 0.173 0.    0.242 0.003 0.145]\n",
      " [0.606 0.049 0.242 0.    0.    0.039]\n",
      " [0.021 0.467 0.003 0.    0.    0.483]\n",
      " [0.    0.922 0.145 0.039 0.483 0.   ]]\n",
      "doing: F102\n",
      "No Post-Processing\n",
      "2016\n",
      "2017\n",
      "2018\n",
      "this is the threshold: 500 for a percentile: 500\n",
      "No Post-Processing\n",
      "2016\n",
      "2017\n",
      "2018\n",
      "___ ...done... Starting DM ___\n",
      "[[ 0.     3.228  2.806  0.035  1.639 -0.8  ]\n",
      " [-3.228  0.     1.124 -1.737  0.11  -3.725]\n",
      " [-2.806 -1.124  0.    -3.916 -1.162 -3.033]\n",
      " [-0.035  1.737  3.916  0.     2.817 -0.31 ]\n",
      " [-1.639 -0.11   1.162 -2.817  0.    -1.831]\n",
      " [ 0.8    3.725  3.033  0.31   1.831  0.   ]]\n",
      "[[0.    0.001 0.005 0.972 0.101 0.424]\n",
      " [0.001 0.    0.261 0.082 0.912 0.   ]\n",
      " [0.005 0.261 0.    0.    0.245 0.002]\n",
      " [0.972 0.082 0.    0.    0.005 0.756]\n",
      " [0.101 0.912 0.245 0.005 0.    0.067]\n",
      " [0.424 0.    0.002 0.756 0.067 0.   ]]\n",
      "doing: F108\n",
      "No Post-Processing\n",
      "2016\n",
      "2017\n",
      "2018\n",
      "this is the threshold: 500 for a percentile: 500\n",
      "No Post-Processing\n",
      "2016\n",
      "2017\n",
      "2018\n",
      "___ ...done... Starting DM ___\n",
      "[[ 0.     5.027  0.62  -3.127 -0.858  2.491]\n",
      " [-5.027  0.    -2.349 -6.176 -3.791 -3.728]\n",
      " [-0.62   2.349  0.    -6.437 -2.26   0.117]\n",
      " [ 3.127  6.176  6.437  0.     4.225  3.852]\n",
      " [ 0.858  3.791  2.26  -4.225  0.     1.58 ]\n",
      " [-2.491  3.728 -0.117 -3.852 -1.58   0.   ]]\n",
      "[[0.    0.    0.535 0.002 0.391 0.013]\n",
      " [0.    0.    0.019 0.    0.    0.   ]\n",
      " [0.535 0.019 0.    0.    0.024 0.907]\n",
      " [0.002 0.    0.    0.    0.    0.   ]\n",
      " [0.391 0.    0.024 0.    0.    0.114]\n",
      " [0.013 0.    0.907 0.    0.114 0.   ]]\n",
      "doing: F114\n",
      "No Post-Processing\n",
      "2016\n",
      "2017\n",
      "2018\n",
      "this is the threshold: 500 for a percentile: 500\n",
      "No Post-Processing\n",
      "2016\n",
      "2017\n",
      "2018\n",
      "___ ...done... Starting DM ___\n",
      "[[ 0.     5.039  3.094  0.63  -0.422 -0.17 ]\n",
      " [-5.039  0.     0.365 -2.155 -3.184 -5.369]\n",
      " [-3.094 -0.365  0.    -5.106 -5.558 -3.094]\n",
      " [-0.63   2.155  5.106  0.    -1.933 -0.668]\n",
      " [ 0.422  3.184  5.558  1.933  0.     0.348]\n",
      " [ 0.17   5.369  3.094  0.668 -0.348  0.   ]]\n",
      "[[0.    0.    0.002 0.529 0.673 0.865]\n",
      " [0.    0.    0.715 0.031 0.001 0.   ]\n",
      " [0.002 0.715 0.    0.    0.    0.002]\n",
      " [0.529 0.031 0.    0.    0.053 0.504]\n",
      " [0.673 0.001 0.    0.053 0.    0.728]\n",
      " [0.865 0.    0.002 0.504 0.728 0.   ]]\n",
      "doing: F120\n",
      "No Post-Processing\n",
      "2016\n",
      "2017\n",
      "2018\n",
      "this is the threshold: 500 for a percentile: 500\n",
      "No Post-Processing\n",
      "2016\n",
      "2017\n",
      "2018\n",
      "___ ...done... Starting DM ___\n",
      "[[ 0.     2.094  1.191  2.196 -0.912  3.273]\n",
      " [-2.094  0.     0.327  1.343 -1.893  0.755]\n",
      " [-1.191 -0.327  0.     1.288 -2.989 -0.026]\n",
      " [-2.196 -1.343 -1.288  0.    -6.264 -0.955]\n",
      " [ 0.912  1.893  2.989  6.264  0.     2.106]\n",
      " [-3.273 -0.755  0.026  0.955 -2.106  0.   ]]\n",
      "[[0.    0.036 0.234 0.028 0.362 0.001]\n",
      " [0.036 0.    0.744 0.179 0.058 0.45 ]\n",
      " [0.234 0.744 0.    0.198 0.003 0.979]\n",
      " [0.028 0.179 0.198 0.    0.    0.34 ]\n",
      " [0.362 0.058 0.003 0.    0.    0.035]\n",
      " [0.001 0.45  0.979 0.34  0.035 0.   ]]\n"
     ]
    }
   ],
   "source": [
    "percys = [500]\n",
    "for percy in percys:\n",
    "    \n",
    "    dffin=pd.DataFrame({'Lead':[],'Model':[],'CRPS':[]})\n",
    "    fcasts = ['F'+f'{bb:03}' for bb in np.arange(6,126,6)]\n",
    "    ense = 100\n",
    "    DMs_tot=np.zeros([len(fcasts),6,6])\n",
    "    DMp_tot=np.zeros([len(fcasts),6,6])\n",
    "    for intd, fcast in enumerate(fcasts):\n",
    "        print('doing:',fcast)\n",
    "        fortts=np.array([])\n",
    "        mods = ['CNNft_ref','MV_gefs','Raw_gefs','AnEn','NN_ref']\n",
    "        for mod in mods:\n",
    "            df,Pre_m, Pre_s, Post_m, Post_s, Obs =utils_verif.load_forecast(fcast,mod)\n",
    "            fortts=np.concatenate([fortts,np.array(Post_m)])\n",
    "            bounds =[]\n",
    "#             threshold = np.percentile(fortts,percy)\n",
    "            threshold=percy\n",
    "        ##############\n",
    "        print(\"this is the threshold:\",threshold,'for a percentile:', percy)\n",
    "        ########################################################################################################\n",
    "        mod = 'Raw_gefs'\n",
    "        df1,Pre_m, Pre_s, Post_m, Post_s, Obs = utils_verif.load_forecast(fcast,mod)\n",
    "        df1 = df1.rename(columns={'OBS':'OBSnng','Model':'Reforecast','IVTmean':'IVTmean_gefs','IVTstd':'IVTstd_gefs'})\n",
    "    \n",
    "        mod = 'CNNft_ref'\n",
    "        df2,Pre_m, Pre_s, Post_m, Post_s, Obs = utils_verif.load_forecast(fcast,mod)\n",
    "        df2 = df2.rename(columns={'OBS':'OBScnn','Model':'Reforecast_cnn','IVTmean':'IVTmean_cnn','IVTstd':'IVTstd_cnn'})\n",
    "        df2['lon']=df2['lon']+360\n",
    "    \n",
    "        mod = 'NNft_ref'\n",
    "        df3,Pre_m, Pre_s, Post_m, Post_s, Obs = utils_verif.load_forecast(fcast,mod)\n",
    "        df3 = df3.rename(columns={'OBS':'OBSnn','Model':'Reforecast_nn','IVTmean':'IVTmean_nn','IVTstd':'IVTstd_nn'})\n",
    "        df3['lon']=df3['lon']+360\n",
    "    \n",
    "    \n",
    "        mod = 'AnEn'\n",
    "        df4,Pre_m, Pre_s, Post_m, Post_s, Obs = utils_verif.load_forecast(fcast,mod)\n",
    "        df4 = df4.rename(columns={'OBS':'OBSanen','Model':'Reforecast_AnEn','IVTmean':'IVTmean_anen','IVTstd':'IVTstd_anen'})\n",
    "        df4['AnEn_Mean'] = np.mean(df4.filter(regex='Analog'),axis=1)\n",
    "        df4['AnEn_std'] = np.std(df4.filter(regex='Analog'),axis=1)\n",
    "        df4['time']= df4['Issued_Time']+ timedelta(hours=int(fcast[-3:]))\n",
    "    \n",
    "        mod = 'NN_gefs'\n",
    "        df5,Pre_m, Pre_s, Post_m, Post_s, Obs = utils_verif.load_forecast(fcast,mod)\n",
    "        df5 = df5.rename(columns={'OBS':'OBSnng','Model':'Reforecast','IVTmean':'IVTmean_nngefs','IVTstd':'IVTstd_nngefs'})\n",
    "        \n",
    "        mod = 'MV_gefs'\n",
    "        df6,Pre_m, Pre_s, Post_m, Post_s, Obs = utils_verif.load_forecast(fcast,mod)\n",
    "        df6 = df6.rename(columns={'OBS':'OBSnng','Model':'Reforecast','IVTmean':'IVTmean_mvgefs','IVTstd':'IVTstd_mvgefs'})\n",
    "\n",
    "\n",
    "        dfm = pd.merge(df1,df2,how='left')\n",
    "        dfm = pd.merge(dfm,df3,how='left')\n",
    "        dfm = pd.merge(dfm,df4,how='left')\n",
    "        dfm = pd.merge(dfm,df5,how='left')\n",
    "        dfm = pd.merge(dfm,df6,how='left')\n",
    "    \n",
    "    \n",
    "        #define 4 groups:\n",
    "        Merrag = dfm['OBSnng']\n",
    "        For_ug = dfm['IVTmean_gefs']\n",
    "        For_sg = dfm['IVTstd_gefs']\n",
    "    \n",
    "        Merranng = dfm['OBSnng']\n",
    "        For_unng = dfm['IVTmean_nngefs']\n",
    "        For_snng = dfm['IVTstd_nngefs']\n",
    "    \n",
    "        Merrac = dfm['OBScnn']\n",
    "        For_uc = dfm['IVTmean_cnn']\n",
    "        For_sc = dfm['IVTstd_cnn']\n",
    "    \n",
    "        Merran = dfm['OBSnn']\n",
    "        For_un = dfm['IVTmean_nn']\n",
    "        For_sn = dfm['IVTstd_nn']\n",
    "    \n",
    "        Merraa = dfm['OBSanen']\n",
    "        For_ua = dfm['AnEn_Mean']\n",
    "        For_sa = dfm['AnEn_std']\n",
    "        \n",
    "        Merramvg = dfm['OBSnng']\n",
    "        For_umvg = dfm['IVTmean_mvgefs']\n",
    "        For_smvg = dfm['IVTstd_mvgefs']\n",
    "        \n",
    "        \n",
    "        countstats = 0 \n",
    "        CRPS_gll=np.zeros([357,144])\n",
    "        CRPS_nngll=np.zeros([357,144])\n",
    "        CRPS_cll=np.zeros([357,144])\n",
    "        CRPS_nll=np.zeros([357,144])\n",
    "        CRPS_all=np.zeros([357,144])\n",
    "        CRPS_mvll=np.zeros([357,144])\n",
    "        for lats in np.unique(dfm['lat']):\n",
    "            for lons in np.unique(dfm['lon']):\n",
    "                dftemp = dfm[(dfm['lat']==lats)&(dfm['lon']==lons)]\n",
    "                countstats+=1\n",
    "                if dftemp.shape[0] == 0:\n",
    "                    countstats-=1\n",
    "                    continue\n",
    "            \n",
    "                 #define 4 groups:\n",
    "                Merrag = dftemp['OBSnng'].reset_index(drop=True)\n",
    "                For_ug = dftemp['IVTmean_gefs'].reset_index(drop=True)\n",
    "                For_sg = dftemp['IVTstd_gefs'].reset_index(drop=True)\n",
    "    \n",
    "                Merranng = dftemp['OBSnng'].reset_index(drop=True)\n",
    "                For_unng = dftemp['IVTmean_nngefs'].reset_index(drop=True)\n",
    "                For_snng = dftemp['IVTstd_nngefs'].reset_index(drop=True)\n",
    "    \n",
    "                Merrac = dftemp['OBScnn'].reset_index(drop=True)\n",
    "                For_uc = dftemp['IVTmean_cnn'].reset_index(drop=True)\n",
    "                For_sc = dftemp['IVTstd_cnn'].reset_index(drop=True)\n",
    "    \n",
    "                Merran = dftemp['OBSnn'].reset_index(drop=True)\n",
    "                For_un = dftemp['IVTmean_nn'].reset_index(drop=True)\n",
    "                For_sn = dftemp['IVTstd_nn'].reset_index(drop=True)\n",
    "    \n",
    "                Merraa = dftemp['OBSanen'].reset_index(drop=True)\n",
    "                For_ua = dftemp['AnEn_Mean'].reset_index(drop=True)\n",
    "                For_sa = dftemp['AnEn_std'].reset_index(drop=True)\n",
    "        \n",
    "                Merramvg = dftemp['OBSnng'].reset_index(drop=True)\n",
    "                For_umvg = dftemp['IVTmean_mvgefs'].reset_index(drop=True)\n",
    "                For_smvg = dftemp['IVTstd_mvgefs'].reset_index(drop=True)\n",
    "                \n",
    "\n",
    "\n",
    "                #aadefine 4 groups:\n",
    "                Ensemblg = np.zeros([Merrag.shape[0],ense])\n",
    "                Truthg = np.zeros([Merrag.shape[0]])\n",
    "                Ensemblc = np.zeros([Merrag.shape[0],ense])\n",
    "                Truthc = np.zeros([Merrag.shape[0]])\n",
    "                Ensembln = np.zeros([Merran.shape[0],ense])\n",
    "                Truthn = np.zeros([Merran.shape[0]])    \n",
    "                Ensembla = np.zeros([Merraa.shape[0],ense])\n",
    "                Trutha = np.zeros([Merraa.shape[0]])\n",
    "                Ensemblnng = np.zeros([Merrag.shape[0],ense])\n",
    "                Truthnng = np.zeros([Merrag.shape[0]])\n",
    "                Ensemblmvg = np.zeros([Merrag.shape[0],ense])\n",
    "                Truthmvg = np.zeros([Merrag.shape[0]])\n",
    "        \n",
    "        \n",
    "                for gre in range(Merrag.shape[0]):\n",
    "                    Ensemblg[gre,:]=np.random.normal(For_ug[gre],For_sg[gre],100)\n",
    "                    Truthg[gre] = Merrag[gre]\n",
    "                    Ensemblc[gre,:]=np.random.normal(For_uc[gre],For_sc[gre],100)\n",
    "                    Truthc[gre] = Merrac[gre]\n",
    "                    Ensembln[gre,:]=np.random.normal(For_un[gre],For_sn[gre],100)\n",
    "                    Truthn[gre] = Merran[gre]\n",
    "                    Ensembla[gre,:]=np.random.normal(For_ua[gre],For_sa[gre],100)\n",
    "                    Trutha[gre] = Merraa[gre]\n",
    "                    Ensemblnng[gre,:]=np.random.normal(For_unng[gre],For_snng[gre],100)\n",
    "                    Truthnng[gre] = Merranng[gre]\n",
    "                    Ensemblmvg[gre,:]=np.random.normal(For_umvg[gre],For_smvg[gre],100)\n",
    "                    Truthmvg[gre] = Merramvg[gre]\n",
    "\n",
    "    \n",
    "                CRPStempg = np.zeros((Merrag.shape[0]))\n",
    "                CRPStempnng = np.zeros((Merranng.shape[0]))\n",
    "                CRPStempmvg = np.zeros((Merramvg.shape[0]))\n",
    "                CRPStempc = np.zeros((Merrac.shape[0]))\n",
    "                CRPStempn = np.zeros((Merran.shape[0]))\n",
    "                CRPStempa = np.zeros((Merraa.shape[0]))\n",
    "\n",
    "    \n",
    "                for gre in range(0,Merrac.shape[0]):    \n",
    "                    if np.max(np.append(Merrac[gre],Ensemblc[gre,:]))<=threshold:\n",
    "                        CRPStempc[gre] = 0\n",
    "                    else:\n",
    "                        CRPStempc[gre] = twcrps_sample2(Merrac[gre],Ensemblc[gre,:],'indicator.right',threshold,step_width=10)\n",
    "\n",
    "\n",
    "                for gre in range(0,Merrag.shape[0]):    \n",
    "                    if np.max(np.append(Merrag[gre],Ensemblg[gre,:]))<=threshold:\n",
    "                        CRPStempg[gre] = 0\n",
    "                    else:\n",
    "                        CRPStempg[gre] = twcrps_sample2(Merrag[gre],Ensemblg[gre,:],'indicator.right',threshold,step_width=10)\n",
    "\n",
    "     \n",
    "                for gre in range(0,Merran.shape[0]):    \n",
    "                    if np.max(np.append(Merran[gre],Ensembln[gre,:]))<=threshold:\n",
    "                        CRPStempn[gre] = 0\n",
    "                    else:\n",
    "                        CRPStempn[gre] = twcrps_sample2(Merran[gre],Ensembln[gre,:],'indicator.right',threshold,step_width=10)\n",
    "\n",
    "\n",
    "                for gre in range(0,Merraa.shape[0]):    \n",
    "                    if np.max(np.append(Merraa[gre],Ensembla[gre,:]))<=threshold:\n",
    "                        CRPStempa[gre] = 0\n",
    "                    else:\n",
    "                        CRPStempa[gre] = twcrps_sample2(Merraa[gre],Ensembla[gre,:],'indicator.right',threshold,step_width=10)\n",
    "            \n",
    "                for gre in range(0,Merraa.shape[0]):    \n",
    "                    if np.max(np.append(Merranng[gre],Ensemblnng[gre,:]))<=threshold:\n",
    "                        CRPStempnng[gre] = 0\n",
    "                    else:\n",
    "                        CRPStempnng[gre] = twcrps_sample2(Merranng[gre],Ensemblnng[gre,:],'indicator.right',threshold,step_width=10)\n",
    "                                \n",
    "                for gre in range(0,Merraa.shape[0]):    \n",
    "                    if np.max(np.append(Merramvg[gre],Ensemblmvg[gre,:]))<=threshold:\n",
    "                        CRPStempmvg[gre] = 0\n",
    "                    else:\n",
    "                        CRPStempmvg[gre] = twcrps_sample2(Merramvg[gre],Ensemblmvg[gre,:],'indicator.right',threshold,step_width=10)\n",
    "                     \n",
    "                CRPS_gll[:,countstats-1] = CRPStempg\n",
    "                CRPS_nngll[:,countstats-1] = CRPStempnng\n",
